AA-1 0 6 0 35 0 13
AA-2 7 20 36 74 14 24
AA-3 21 29 75 123 25 34
AA-4 30 35 124 140 35 42
AA-5 36 38 141 148 43 45
AA-Basement 39 42 149 157 46 52
AH-1 43 45 158 168 53 56
AH-2 46 46 169 170 57 59
AH-3 47 52 171 178 60 61
BH-1 53 53 179 184 62 64
BH-2 54 58 185 199 65 69
BH-3 59 64 200 219 70 72
BH-Basement 65 68 220 233 73 75
BSB-1 69 93 234 332 76 90
BSB-2 94 112 333 409 91 103
BSB-3 113 128 410 488 104 112
BSB-4 129 131 489 533 113 119
DH-1 132 134 534 540 120 122
DH-2 135 142 541 555 123 125
DH-3 143 144 556 564 126 128
EPAS-1 145 148 565 571 129 136
EPAS-2 149 157 572 585 137 142
EPAS-4 158 161 586 602 143 147
ERF-1 162 165 603 619 148 153
GH-1 166 168 620 631 154 158
GH-2 169 171 632 640 159 162
GH-3 172 174 641 648 163 166
HH-1 175 175 649 656 167 171
HH-2 X X 657 657 172 174
HH-3 176 177 658 661 175 177
LCA 178 184 662 685 178 185
LCB 185 185 686 688 186 187
LCC 186 189 689 693 188 195
LCD 190 193 694 698 196 203
LCE 194 195 699 702 204 207
LCF 196 199 703 709 208 215
LH-1 200 209 710 726 216 219
LH-2 210 218 727 738 220 222
LH-3 219 230 739 750 223 224
SCE-1 X X 751 751 225 227
SCE-2 X X 752 757 228 231
SCE-3 231 239 758 769 232 232
SCET-1 X X 770 772 233 235
SCET-2 X X 773 786 236 241
SCET-3 240 242 787 806 242 245
SCET-4 243 244 807 817 246 248
SCET-6 245 249 818 833 249 251
SCET-7 250 250 834 839 252 253
SELE-1 251 268 840 872 254 262
SELE-2 269 298 873 920 263 268
SELE-3 299 327 921 983 269 275
SELE-4 328 334 984 1014 276 284
SELW-1 335 338 1015 1030 285 291
SELW-2 339 343 1031 1054 292 297
SELW-3 344 351 1055 1084 298 303
SELW-4 352 355 1085 1108 304 310
SES-1 356 364 1109 1154 311 328
SES-2 365 379 1155 1222 329 341
SES-3 380 381 1223 1261 342 348
SH-1 382 391 1262 1279 349 352
SH-2 392 400 1280 1295 353 355
SH-3 401 410 1296 1311 356 358
TH-1 411 414 1312 1321 359 361
TH-2 415 421 1322 1333 362 364
TH-3 422 433 1334 1349 365 366
UICCampus 434 434 1350 1391 367 391
