0	1330	AA	1330
1	1350	AA	1350
2	1315	AA	1315
3	1310	AA	1310
4	1385	AA	1385
5	1372	AA	1372
6	1301	AA	1301
7	2308B	AA	2308B
8	2318	AA	2318
9	2312	AA	2312
10	2308	AA	2308
11	2308A	AA	2308A
12	2400D	AA	2400D
13	2406	AA	2406
14	2406A	AA	2406A
15	2410	AA	2410
16	2422	AA	2422
17	2400B	AA	2400B
18	2400A	AA	2400A
19	2550	AA	2550
20	2550	AA	2550
21	3330	AA	3330
22	3325	AA	3325
23	3410	AA	3410
24	3320	AA	3320
25	3304	AA	3304
26	3420	AA	3420
27	3430	AA	3430
28	3462	AA	3462
29	3100	AA	3100
30	4382	AA	4382
31	4362	AA	4362
32	4336	AA	4336
33	4300	AA	4300
34	4530	AA	4530
35	4100	AA	4100
36	5300	AA	5300
37	5382	AA	5382
38	5336	AA	5336
39	B130	AA	B130
40	B110	AA	B110
41	B120	AA	B120
42	B510	AA	B510
43	110	AH	110
44	104	AH	104
45	107	AH	107
46	200	AH	200
47	302	AH	302
48	306	AH	306
49	310	AH	310
50	303	AH	303
51	307	AH	307
52	311	AH	311
53	121	BH	121
54	220	BH	220
55	209	BH	209
56	208	BH	208
57	204	BH	204
58	205	BH	205
59	316	BH	316
60	317	BH	317
61	308	BH	308
62	309	BH	309
63	304	BH	304
64	305	BH	305
65	B6	BH	B6
66	B10	BH	B10
67	B11	BH	B11
68	B21	BH	B21
69	1028	BSB	1028
70	1077	BSB	1077
71	1075	BSB	1075
72	1076	BSB	1076
73	1171	BSB	1171
74	1129	BSB	1129
75	1169	BSB	1169
76	1167	BSB	1167
77	137	BSB	137
78	161	BSB	161
79	163	BSB	163
80	165	BSB	165
81	167	BSB	167
82	135	BSB	135
83	133	BSB	133
84	131	BSB	131
85	181	BSB	181
86	185	BSB	185
87	187	BSB	187
88	140	BSB	140
89	145	BSB	145
90	113	BSB	113
91	115	BSB	115
92	117	BSB	117
93	119	BSB	119
94	2019	BSB	2019
95	2057	BSB	2057
96	2105	BSB	2105
97	2167	BSB	2167
98	263	BSB	263
99	265	BSB	265
100	267	BSB	267
101	269	BSB	269
102	231	BSB	231
103	233	BSB	233
104	235	BSB	235
105	237	BSB	237
106	219	BSB	219
107	215	BSB	215
108	211	BSB	211
109	250	BSB	250
110	285	BSB	285
111	281	BSB	281
112	289	BSB	289
113	3151	BSB	3151
114	381	BSB	381
115	385	BSB	385
116	389	BSB	389
117	3005	BSB	3005
118	365	BSB	365
119	367	BSB	367
120	369	BSB	369
121	361	BSB	361
122	339	BSB	339
123	337	BSB	337
124	335	BSB	335
125	331	BSB	331
126	311	BSB	311
127	315	BSB	315
128	319	BSB	319
129	4102	BSB	4102
130	4105	BSB	4105
131	4133	BSB	4133
132	100	DH	100
133	104	DH	104
134	118	DH	118
135	204	DH	204
136	210	DH	210
137	214	DH	214
138	221	DH	221
139	217	DH	217
140	213	DH	213
141	209	DH	209
142	205	DH	205
143	304	DH	304
144	316	DH	316
145	1012	EPAS	1012
146	1433	EPAS	1433
147	1419	EPAS	1419
148	1417	EPAS	1417
149	2011	EPAS	2011
150	2217	EPAS	2217
151	2219	EPAS	2219
152	2233	EPAS	2233
153	2235	EPAS	2235
154	2417	EPAS	2417
155	2419	EPAS	2419
156	2433	EPAS	2433
157	2435	EPAS	2435
158	4425	EPAS	4425
159	4417	EPAS	4417
160	4229	EPAS	4229
161	4310	EPAS	4310
162	1003	ERF	1003
163	1023	ERF	1023
164	1033	ERF	1033
165	1083	ERF	1083
166	106	GH	106
167	104	GH	104
168	105	GH	105
169	207	GH	207
170	205	GH	205
171	204	GH	204
172	306	GH	306
173	304	GH	304
174	308	GH	308
175	107	HH	107
176	303	HH	303
177	306	HH	306
178	001	LCA	001
179	002	LCA	002
180	003	LCA	003
181	004	LCA	004
182	005	LCA	005
183	006	LCA	006
184	007	LCA	007
185	101	LCB	101
186	003	LCC	003
187	001	LCC	001
188	006	LCC	006
189	004	LCC	004
190	002	LCD	002
191	001	LCD	001
192	005	LCD	005
193	004	LCD	004
194	112	LCE	112
195	101	LCE	101
196	006	LCF	006
197	004	LCF	004
198	001	LCF	001
199	003	LCF	003
200	120	LH	120
201	116	LH	116
202	121	LH	121
203	117	LH	117
204	115	LH	115
205	104	LH	104
206	107	LH	107
207	103	LH	103
208	100	LH	100
209	101	LH	101
210	202	LH	202
211	201	LH	201
212	206	LH	206
213	205	LH	205
214	211	LH	211
215	210	LH	210
216	215	LH	215
217	214	LH	214
218	217	LH	217
219	320	LH	320
220	316	LH	316
221	312	LH	312
222	308	LH	308
223	304	LH	304
224	300	LH	300
225	301	LH	301
226	305	LH	305
227	309	LH	309
228	313	LH	313
229	317	LH	317
230	321	LH	321
231	318	SCE	318
232	322	SCE	322
233	324	SCE	324
234	332	SCE	332
235	331	SCE	331
236	330A	SCE	330A
237	330	SCE	330
238	333	SCE	333
239	334	SCE	334
240	315	SCET	315
241	317	SCET	317
242	301	SCET	301
243	401	SCET	401
244	408	SCET	408
245	613	SCET	613
246	612	SCET	612
247	611	SCET	611
248	603	SCET	603
249	605	SCET	605
250	713	SCET	713
251	1254A	SELE	1254A
252	1254B	SELE	1254B
253	1251	SELE	1251
254	1253	SELE	1253
255	1053	SELE	1053
256	1049	SELE	1049
257	1062E	SELE	1062E
258	1267	SELE	1267
259	1264	SELE	1264
260	1264A	SELE	1264A
261	1280	SELE	1280
262	1284	SELE	1284
263	1282	SELE	1282
264	1295	SELE	1295
265	1101	SELE	1101
266	1099	SELE	1099
267	1093	SELE	1093
268	1084	SELE	1084
269	2250	SELE	2250
270	2254	SELE	2254
271	2260	SELE	2260
272	2264	SELE	2264
273	2268B	SELE	2268B
274	2249F	SELE	2249F
275	2249E	SELE	2249E
276	2263	SELE	2263
277	2265	SELE	2265
278	2280	SELE	2280
279	2284	SELE	2284
280	2283	SELE	2283
281	2058	SELE	2058
282	2065	SELE	2065
283	2071A	SELE	2071A
284	2069	SELE	2069
285	2067	SELE	2067
286	2073A	SELE	2073A
287	2073	SELE	2073
288	2098	SELE	2098
289	2100	SELE	2100
290	2279	SELE	2279
291	2101	SELE	2101
292	2104	SELE	2104
293	2108	SELE	2108
294	2297	SELE	2297
295	2293	SELE	2293
296	2294	SELE	2294
297	2298	SELE	2298
298	2262	SELE	2262
299	3250	SELE	3250
300	3254	SELE	3254
301	3253	SELE	3253
302	3249A	SELE	3249A
303	3268	SELE	3268
304	3264	SELE	3264
305	3257	SELE	3257
306	3257A	SELE	3257A
307	3070	SELE	3070
308	3263	SELE	3263
309	3069	SELE	3069
310	3060	SELE	3060
311	3249B	SELE	3249B
312	3083	SELE	3083
313	3085	SELE	3085
314	3084	SELE	3084
315	3086	SELE	3086
316	3279	SELE	3279
317	3280	SELE	3280
318	3098	SELE	3098
319	3101	SELE	3101
320	3099	SELE	3099
321	3100	SELE	3100
322	3287B	SELE	3287B
323	3287A	SELE	3287A
324	3287	SELE	3287
325	3293	SELE	3293
326	3290	SELE	3290
327	3294	SELE	3294
328	4255	SELE	4255
329	4449	SELE	4449
330	4050	SELE	4050
331	4053	SELE	4053
332	4055	SELE	4055
333	4084	SELE	4084
334	4273	SELE	4273
335	1220	SELW	1220
336	1227	SELW	1227
337	1223	SELW	1223
338	1221	SELW	1221
339	2011	SELW	2011
340	2009	SELW	2009
341	2013	SELW	2013
342	2013A	SELW	2013A
343	2026	SELW	2026
344	3224	SELW	3224
345	3228	SELW	3228
346	3223	SELW	3223
347	3029	SELW	3029
348	3030	SELW	3030
349	3013	SELW	3013
350	3014B	SELW	3014B
351	3014A	SELW	3014A
352	4011	SELW	4011
353	4012	SELW	4012
354	4014	SELW	4014
355	4018	SELW	4018
356	1444	SES	1444
357	1440	SES	1440
358	170	SES	170
359	250	SES	250
360	138	SES	138
361	136	SES	136
362	132	SES	132
363	130	SES	130
364	1440A	SES	1440A
365	2286	SES	2286
366	2462	SES	2462
367	238	SES	238
368	230	SES	230
369	250	SES	250
370	270	SES	270
371	206	SES	206
372	213	SES	213
373	214	SES	214
374	215	SES	215
375	216	SES	216
376	217	SES	217
377	218	SES	218
378	219	SES	219
379	205C	SES	205C
380	3510A	SES	3510A
381	3510C	SES	3510C
382	100	SH	100
383	104	SH	104
384	116	SH	116
385	120	SH	120
386	119	SH	119
387	115	SH	115
388	111	SH	111
389	107	SH	107
390	103	SH	103
391	101	SH	101
392	208	SH	208
393	212	SH	212
394	216	SH	216
395	220	SH	220
396	219	SH	219
397	215	SH	215
398	211	SH	211
399	207	SH	207
400	203	SH	203
401	304	SH	304
402	308	SH	308
403	312	SH	312
404	316	SH	316
405	320	SH	320
406	319	SH	319
407	315	SH	315
408	311	SH	311
409	307	SH	307
410	303	SH	303
411	100	TH	100
412	120	TH	120
413	117	TH	117
414	121	TH	121
415	204	TH	204
416	208	TH	208
417	216	TH	216
418	207	TH	207
419	211	TH	211
420	215	TH	215
421	219	TH	219
422	300	TH	300
423	304	TH	304
424	308	TH	308
425	312	TH	312
426	316	TH	316
427	320	TH	320
428	301	TH	301
429	305	TH	305
430	309	TH	309
431	313	TH	313
432	317	TH	317
433	321	TH	321
434	Quad	The	Quad
